% Par6 一些关键信息

A = [0 0 1 1 1;
     0 0 1 1 1;
     1 1 0 0 0;
     1 1 0 0 0;
     1 1 0 0 0;];
D = [3 0 0 0 0;
     0 3 0 0 0;
     0 0 2 0 0;
     0 0 0 2 0;
     0 0 0 0 2;];
L = -(D + A);